1.091775306243326221e-01 7.676271176710873501e-02 6.846716650287711092e-02
1.032286440353380047e-01 7.885966681786996113e-02 -7.500000000000008049e-02
1.294843520206948873e-01 7.517648785321838500e-02 9.071838613846278099e-03
6.891862744950863484e-02 1.320366986899032813e-01 1.779137402078695765e-02
1.783141043956924104e-02 1.349037884513951402e-01 -6.311108193650973031e-02
1.524323026989473501e-02 1.046007691546682467e-01 1.064251991926290219e-01
-2.794376304603200106e-02 1.456871665948077654e-01 2.223500835178500445e-02
-7.179886202784011018e-02 1.177404350021265256e-01 -5.900943464410754458e-02
-1.106855270218354420e-01 9.856327189346722473e-02 2.310834354844564301e-02
-1.324529737938697771e-01 4.798051473773844167e-02 -5.151776333132206814e-02
-1.461697215219557311e-01 1.444473114054108109e-02 3.042634142435462694e-02
1.275976212519250863e-01 -7.885966681929534872e-02 -1.994987711241223399e-16
-1.380146166390583407e-01 -4.374022627044515943e-02 -3.922700855002865528e-02
-1.212298732759782005e-01 -7.520204040604731854e-02 4.634620744200644571e-02
-8.574773000732420491e-02 -1.199621745811733642e-01 -2.750279019203537290e-02
3.942983341092125282e-02 -7.885966682068194789e-02 1.213525491537694456e-01
-4.756981765746575580e-02 -1.305760259927361555e-01 5.645364367319220811e-02
3.942983340892168564e-02 -7.885966681781801657e-02 -1.213525491562802427e-01
-1.142584026795991081e-01 -9.544620545080617982e-03 9.671565351977416680e-02
-1.057950005125271598e-01 -1.253381386911111076e-02 -1.055950821603395123e-01
-1.287020470310152459e-02 -1.487117878062275411e-01 -1.480412099301456341e-02
-1.776401256259666286e-02 8.100182279034147392e-02 -1.249925780289294630e-01
4.449341881763047013e-02 -1.339397862012933205e-01 5.079832038828416968e-02
-5.866974225139461041e-02 -5.832277178609584362e-02 1.251251998413664968e-01
-2.857002293981487223e-02 -1.139826067830311401e-01 -9.322938989483602057e-02
6.602853266671876442e-02 -1.240344120101270209e-01 -5.249473793802676702e-02
1.042350139259844294e-01 -7.126881278355684524e-02 8.096800723910747843e-02
-5.215189276690455206e-02 -4.268498750407082043e-02 -1.340081039437787391e-01
-6.036474710328261495e-02 1.026431165661228356e-01 9.121670860511277290e-02
1.100682408677910035e-01 -6.316565626825748625e-02 -7.996925797123720370e-02
-9.333346446092218029e-02 -7.749687797382251442e-02 -8.822186982847414483e-02
-9.123949673182640829e-02 5.312021869013430764e-02 -1.065532571179095694e-01
-1.131239467359286405e-01 5.534140153643033605e-02 8.148804790194917602e-02
5.711005679723861472e-02 8.162967861966413663e-02 -1.121384723503335706e-01
-6.947479189793512311e-02 3.656093516133496202e-02 1.278145191708174588e-01
8.816778784387083179e-02 -2.159487983417986569e-17 -1.213525491562422176e-01
1.426584774442729853e-01 -3.494124955467275680e-17 -4.635254915624226896e-02
1.426584774442731240e-01 -3.494124955467279378e-17 4.635254915624182487e-02
8.816778784387133139e-02 -2.159487983417998895e-17 1.213525491562418429e-01
8.816778784387083179e-02 -2.159487983417986569e-17 -1.213525491562422176e-01
1.426584774442729853e-01 -3.494124955467275680e-17 -4.635254915624226896e-02
1.426584774442731240e-01 -3.494124955467279378e-17 4.635254915624182487e-02
8.816778784387133139e-02 -2.159487983417998895e-17 1.213525491562418429e-01
9.184850993605148746e-18 -2.249639673992786412e-33 1.499999999999999944e-01
9.184850993605148746e-18 -2.249639673992786412e-33 -1.499999999999999944e-01
