8 11 10
7 12 6
2 34 28
29 32 18
8 10 9
22 30 23
23 29 22
18 33 29
27 32 29
12 41 1
34 38 28
23 30 20
10 13 12
11 13 10
8 40 11
35 41 12
31 32 27
11 14 13
1 30 22
13 35 12
24 32 31
11 28 14
14 15 13
15 35 13
14 16 15
14 38 16
16 17 15
16 19 17
19 20 17
16 26 19
19 21 20
20 25 17
21 23 20
21 27 23
21 31 27
1 22 6
5 18 4
3 40 8
3 8 4
3 24 2
8 9 4
10 12 7
5 33 18
4 9 5
20 30 25
9 10 7
27 29 23
19 37 21
2 40 3
5 7 6
6 33 5
5 9 7
31 34 24
16 38 26
3 36 24
18 36 4
28 38 14
29 33 22
11 40 28
4 36 3
21 37 31
26 37 19
32 36 18
25 39 17
22 33 6
39 41 35
17 39 15
24 34 2
15 39 35
26 38 34
24 36 32
31 37 34
25 41 39
1 41 30
28 40 2
30 41 25
34 37 26
6 12 1
